('W', 1455, 625, 715, 0, 0, 0)
('W', 1455, 625, 715, 0, 0, 0)
('W', 1455, 625, 715, 0, 0, 0)
('W', 1455, 625, 715, 0, 0, 0)
('W', 1455, 625, 715, 0, 0, 0)
('W', 1455, 625, 715, 0, 0, 0)
('W', 1455, 625, 715, 0, 0, 0)
('G',1)
('W', 1455, 625, 715, 0, 0, 0)
('G',1)
('W', 1455, 625, 715, 0, 0, 0)
('V',1)
('W', 1455, 625, 715, 0, 0, 0)
('W', 1455, 625, 715, 0, 0, 0)
('G',1)
('W', 1455, 625, 715, 0, 0, 0)
('W', 1455, 625, 715, 0, 0, 0)
('W', 1455, 625, 715, 0, 0, 0)
('W', 1455, 625, 715, 0, 0, 0)
('W', 1455, 625, 715, 0, 0, 0)
('V',1)
('W', 1455, 625, 715, 0, 0, 0)
('W', 1455, 625, 715, 0, 0, 0)
('G',1)
('W', 1455, 625, 715, 0, 0, 0)
('W', 1455, 625, 715, 0, 0, 0)
('V',1)
('W', 1455, 625, 715, 0, 0, 0)
('W', 1455, 625, 715, 0, 0, 0)
('G',1)
('G',1)
('W', 1455, 625, 715, 0, 0, 0)
('V',1)
('W', 1455, 625, 715, 0, 0, 0)
('V',1)
('W', 1455, 625, 715, 0, 0, 0)
('W', 1455, 625, 715, 0, 0, 0)
('W', 1455, 625, 715, 0, 0, 0)
('W', 1455, 625, 715, 0, 0, 0)
('G',1)
('W', 1455, 625, 715, 0, 0, 0)
('W', 1455, 625, 715, 0, 0, 0)
